11101000101001000000001011000111001101000101001101
00000000000000000000000000000000000000000000000000
00000011010010000001010000010000110010111000000010
00101000101001000000001000000101001101000000001000
00000000001100101010101011001101001101000111000101
01000000110000000001011010010000100101100000001101
00110100000010000000001110000011000101010101111001
00001010101100101010000000001000110000100000000100
11100001111110011011011001110101010001111101000011
01101000001100000001010000010000110011001001001101
01011111010101100100001001000000101000001110111100
00100010011100001001001101100101010111011011110101
10001111010110111011111010101011101101011111011110
11100010011111111100010101000000011010010001010010
00010001110110000100000110101101101010000101000010
11101011001111110111111111110000110001111010011110
01100111011100000010111111110010010110100110011101
00011110100010001000001011101001010001011010101011
10110001011000001000111011111010011001110011110000
10011100110011000111100100001111110111110100000110
00011101011010110100001100000000011110111000001010
00101100111111110110001011011110110011111011111100
10001111010011110000010101101011110111001110111001
01100111010101101100011001001110110001000101011110
11111001010110110111011001101101100101111101111101
11000000110111010101001111000101011110110001010100
11101000010011011110110000000010100100010101000100
10100001101011111101000101011010111100011011011001
00000110000111110100110110110111101110111000110100
11000000000101010000001110100111110110000011110011
01111110011100010010101001100111100011101011110001
11011111100011000010011110111111111000001001111111
10000011001111011101011011101100010110110100111111
00101000100000111101011101000101101011011111000011
10100100101010011100000100011101110011000011011011
10111010010101111100100101101000100100000010110000
01000010100101011111001101011010001011000111111111
11000110001001101101011000011101001000100101010010
11010000111011001111001110110010011001010001001010
10111000011000011100011011110100010110010101111101
01011100100111100000000101100010110001110010100011
11111000111100110111111110010001011100101111011000
11010110010111110000010000110011001011011110011001
11100100101110100111001011010110110001101101000001
00101011011110111101101101010101011111010100000110
01100010111000000100000001001110010110011011101010
00100111001010011011111100011110001001010000110011
11110001000100110100001110000010011110010111010011
00110100010101001111100011111100000111011001010010
10001010001101001101100110110010010011011110111001
01110101111010011000001100011000100000100111000110
01000101100011111101111001100110011011100110111110
10101100010011110100001100011100001101011011001001
11111001111011100101010110010001011110001110100111
01100111101101011101010101101101111010100111101111
11001010001000110111111010100000010011001101111111
01100110011001000010010011111011111101001000011001
11011001011100110101000111110010100100011111010101
10001100100000011010101110010110000011010010001110
01000101000010010011000100111010100100101000000000
00011101001010010111110111010000000110010100100001
11000100100010011100111001111010110000111011101111
00000000101110001001111110101100100000100001010001
00010101100101010001000100010011001111100101001011
11010110000111011111010110010111101110111111010000
01100011000110101100000000010100101010111011111100
11011000000111000111011000001001000011100000101110
01010110011011110111011001000001111111100000101110
00100010101011110101100111011001001000110101110011
01111011111001011101110100010011011111111110001010
11010101010111010100010011110101011010000011011010
10011010100111111001110010010100111110110101111011
01101111101001010100001000101110100110011010001111
00000110110000101001010101101100111000000000000110
10111001000100110111100110100000101001000110001111
10111100000011110100110111010001000101001101100101
00010000110110100001100101000001101111010101000100
01010111111000000011110010000010111001110010011010
00100010100111111110101011001000111100111000011001
01101010110110110111010101010000110010011101110110
01101110000111000110100110000101100111001101100000
11011010110100011011111100010110000111010010010110
00100000010111001110100100011010010110001010100000
00110011111110011001001011010000111011111111101011
10010000001111010000100100100101100011011100010101
01111000100100000001000011011110101000001001111101
00111010010100111111110000001011100001101111111001
10011110001000000110010000100000001001001100101111
00001000101011011000001011011100010111101000110011
01111111111001001000110101101000010100001100100011
00101101001111000010101110101111110111001001100111
11101000111011110001011110001100101001001100010010
00000000101011110101001110001011011010010010001111
00101000111011011100001100011001110100000000011000
11001010001100010100101101110010101010011001010011
10111011111010001000000011010011011110000011110100
00100010010000100011011000101000110101100010000011
00000000001010110010110100110101001101010000100001
11010101101001010000000011111000111000000011101011
10101000110010111000101010010010010101010111101010
01111111100010101100011101111001110100101101110010
10110011001110001100111000101010010000100010111000
10111111010001111000000010110111011011100010110110
00100001000110101101000101110111101010110100001011
00010111100010110010011010001111100000000001101110
11011101111001110001111010001000110101010111001001
00001011001100001110010100001000101001001111011000
10100111101111101100100001010110110001111111111111
10011101111011111010100100101110111100011111101100
10100001011011100100010100010000010010101011001110
11000101000100011011011010101111011100100111010100
10011110011100110010010110110110001010001101011001
01110000111010110011100100010011010111000110011011
01001110010000000000101010111011111111010010111000
00011010110011101001101110001110100111010111101001
11100000010001100001000011011011000011001011001010
01111001000110011110010100001101010101011111001001
11011011100110111111101000010101000001011110001110
00110111001001110101011011110100011011011100001001
01011011001000000110010110101011011001101001101011
00000110011011011011100011111000100110001111010011
01010110011100110001000100100100101000010010011000
10000011000011001001001111010100100000101010111001
01001110000000100010110110000001001000001010000000
00110011001011000011000100000101100010110110010100
01001101101100100000011000110001000010010010000011
01000110000100001000110110010000000010001010001110
01100001001000101000000110010001000010111010001100